qty,time
100,1318651906
200,2654618309
300,3961828828
400,5275135042
500,6547250525
600,8029003332
700,9265420412
800,10738017586
900,11969468720
1000,13041639756
